100
12420
983179 532151 254862
1756 2753
73003
175010 606191 674433
8095 9377
32404
536616 881890 671786
5679 3705
60422
188294 521881 674223
7276 8067
60070
697224 509789 720054
7230 9118
79559
580451 976321 494242
5029 3000
67080
149351 968213 384588
698 3624
73655
168702 331362 458909
1169 4848
50368
278298 932385 37115
6089 4640
51037
61856 420815 350265
2167 7541
53918
494078 654796 873437
4126 5944
74414
164427 851571 944502
2094 5570
13937
43849 797631 214633
5165 322
69713
203129 651279 930753
7676 2204
73554
407027 89886 170289
5933 9416
70231
374530 387313 530291
8802 185
57302
291067 444537 613481
5785 7117
11820
528648 648674 486494
9526 9611
70343
812361 815269 909020
9194 4570
89162
489937 490740 582924
6754 7707
62280
19891 946499 887573
3087 3963
33065
848354 686879 970270
4016 2455
21884
147222 179001 912042
7339 9096
65033
408405 146631 726117
4422 5722
37948
959540 743690 354309
9289 6960
25736
61018 433982 887574
8142 8860
18734
888246 399402 600095
9563 4417
51058
369945 70828 74240
8405 2095
62469
757889 671909 21961
2855 3293
25978
746409 794272 108536
8174 7811
48004
921508 244429 288354
2835 6886
85286
556021 185003 569297
3326 267
82140
593610 516122 347975
9308 553
60248
31354 851742 873407
5151 9126
67264
635512 628032 811027
8311 5895
67945
470750 211881 32956
8468 5883
81603
742542 406863 375973
8883 407
44199
422241 398851 636406
7523 4306
8214
561583 65293 362430
5691 5103
71532
916790 802091 492733
9526 8862
68672
417602 272838 934519
7433 4423
34677
286260 372666 913098
9647 4176
80048
819672 685934 241044
8484 6998
12827
309872 463789 396308
6854 1912
37190
44715 643860 850580
6501 2350
63301
312102 229988 143387
9646 5330
83987
793413 911965 220555
4275 5220
89316
36741 247083 741801
2296 3459
68868
448167 45259 316896
8047 56
33471
552338 794091 197941
6028 4649
70621
615214 164965 68643
9206 3748
61204
455072 380285 825228
3270 7054
71972
352476 237568 914504
730 8753
39178
823815 643029 871919
8014 9510
21601
393231 840099 225000
4719 6805
13611
504494 362129 672241
9162 1207
52801
190561 520222 684794
5780 5231
97575
986898 930234 996735
6345 3975
45745
701218 877033 593801
7069 1796
26314
375934 760451 101251
5950 4270
70912
24527 539890 847820
6681 1497
64702
347168 916383 745161
6089 60
26214
598256 97024 946468
3095 6692
13929
217197 923461 657286
2734 5302
44576
718881 367031 762810
3428 9673
5209
827987 352277 993900
9765 6843
99885
764352 489794 569635
4229 1928
80811
826080 856738 206861
6352 3509
95849
634450 694775 893896
1085 5916
16086
640883 614066 331298
5455 2025
53976
600534 651579 750969
252 2736
16712
367115 92414 801420
6207 6436
95236
793815 608248 492158
7700 2495
60334
336436 671023 778968
2219 4043
44914
316471 786728 301879
2347 3867
15549
45638 565893 961878
8908 5013
48682
234791 785888 142974
9854 2975
26022
410105 981784 617522
189 1075
2179
192641 104690 447495
4604 3046
75008
793867 84975 74931
7334 7088
57884
698940 169067 175741
7686 215
55067
932158 706302 194358
9109 3708
75703
504974 6131 205695
8734 7445
60655
333858 289472 869852
8320 1589
99187
217051 189134 88117
3045 5664
8796
9632 995845 113454
6951 9236
79938
168638 42170 92217
296 2151
70631
192183 719872 486591
3223 4263
9040
453284 131840 214009
481 669
8251
656609 268628 740165
7157 3103
64179
602694 697382 949703
6144 3946
7571
281082 513017 245701
1240 2483
39488
141955 640376 231071
1185 8196
2790
706967 583496 744679
9037 3342
6313
856023 220185 741690
2150 6386
8585
425604 919361 908048
2932 339
21519
950790 421379 517690
6682 5168
6388
17190 762524 643744
9219 8090
42845
339317 833547 297045
7168 5509
38464
784382 337579 168866
3064 3052

3
12420
983179 532151 254862
1756 2753
7
7 7 12
1 20
7
16 1 15
1 14
7
2 5 6
1 19
